# Robot poses generated using Latin Hypercube Sampling
# Generated: 2026-01-31 12:12:03
# Number of samples: 200
# Random seed: 42
# Scrambled: True
#
# Parameter ranges:
#   x:     [ -1.000,   1.000] meters
#   y:     [  0.000,   0.000] meters
#   z:     [  0.500,   2.000] meters
#   roll:  [ -0.300,   0.300] radians (-17.19°,  17.19°)
#   pitch: [ -0.300,   0.300] radians (-17.19°,  17.19°)
#   yaw:   [ -0.500,   0.500] radians (-28.65°,  28.65°)
#
# Format: x y z roll pitch yaw
#
 0.23226  0.00000  1.59921  0.08142  0.04291 -0.09547
-0.21976  0.00000  1.71679  0.07864  0.22462 -0.15225
-0.62371  0.00000  0.50805  0.12107  0.01853  0.08278
 0.97773  0.00000  1.94334  0.28481  0.12652  0.28184
 0.11242  0.00000  1.58484 -0.29391  0.19232 -0.05889
 0.13805  0.00000  1.80150 -0.00613 -0.13246 -0.14842
-0.52745  0.00000  1.64774  0.11302  0.19989 -0.11235
 0.57811  0.00000  1.24153  0.00457 -0.06968  0.12165
 0.07563  0.00000  0.62875 -0.20610  0.18506 -0.49416
 0.65195  0.00000  1.85459  0.02614 -0.14905 -0.38570
-0.12200  0.00000  1.46744 -0.07136  0.24701  0.22147
 0.61219  0.00000  1.44906 -0.27771 -0.01242  0.40443
 0.59332  0.00000  0.78897 -0.06170  0.25271 -0.21317
 0.43446  0.00000  1.08081  0.15809  0.23091 -0.12718
-0.94215  0.00000  0.56444  0.24344 -0.27370  0.27471
 0.76719  0.00000  1.98280  0.15401 -0.06167 -0.10392
-0.65664  0.00000  0.85695  0.05156 -0.25250 -0.03511
-0.97090  0.00000  0.98958  0.19061  0.22152  0.34249
-0.42152  0.00000  1.26728  0.27166  0.21186  0.37349
-0.31630  0.00000  1.63729  0.11974  0.01765 -0.20481
 0.29091  0.00000  1.48475  0.27820  0.01209  0.02111
-0.41717  0.00000  0.61663 -0.26482 -0.02729  0.04049
-0.28456  0.00000  1.36848  0.23608  0.04926  0.43912
-0.35857  0.00000  0.59931 -0.05616 -0.07930 -0.33814
 0.09416  0.00000  1.47013 -0.27025  0.28075 -0.47521
-0.29494  0.00000  0.53503  0.06557 -0.27031 -0.34294
-0.67171  0.00000  1.73056  0.27426 -0.21704  0.25205
 0.40977  0.00000  1.18281 -0.29545 -0.05335 -0.27541
-0.60487  0.00000  1.44132  0.19819 -0.09772 -0.00737
 0.92733  0.00000  1.25501  0.09444  0.02868  0.36989
 0.04174  0.00000  0.82328 -0.27942 -0.06466 -0.26054
-0.80672  0.00000  1.26289  0.07302 -0.16418 -0.08884
-0.03108  0.00000  1.00313 -0.02169 -0.09311 -0.19277
 0.05629  0.00000  1.54378 -0.22742  0.20605 -0.20976
 0.83709  0.00000  1.69614 -0.21077  0.12019 -0.35582
 0.91955  0.00000  1.86924 -0.19798 -0.23068  0.05626
-0.17891  0.00000  1.92580  0.00144 -0.01895 -0.48386
-0.05662  0.00000  0.58720 -0.24028 -0.14324  0.15869
-0.75937  0.00000  0.90319 -0.15337  0.00351  0.17423
 0.81821  0.00000  1.28300 -0.24862  0.08341 -0.35155
 0.39223  0.00000  1.83521 -0.22050 -0.11443 -0.34507
 0.00770  0.00000  1.35401  0.21097  0.06563  0.31747
 0.96306  0.00000  1.89814 -0.28860 -0.19141  0.04642
-0.14739  0.00000  0.97152 -0.12937  0.10822 -0.06699
 0.03699  0.00000  1.52384 -0.04099  0.09313  0.43357
-0.79925  0.00000  0.88981 -0.11867 -0.15790 -0.36053
 0.16860  0.00000  0.62436 -0.06890 -0.21179 -0.41967
 0.48196  0.00000  0.99899  0.01865 -0.15005  0.44445
 0.49171  0.00000  1.19152  0.23030  0.24141  0.46197
-0.40868  0.00000  1.12548 -0.28624  0.27488 -0.26713
-0.01652  0.00000  1.15349 -0.07336  0.23626  0.13882
-0.99746  0.00000  1.16138  0.16168 -0.02420 -0.32797
 0.37854  0.00000  0.76382 -0.11493 -0.29143  0.00540
 0.20834  0.00000  1.43536 -0.23446  0.09865 -0.30011
 0.72945  0.00000  0.67119  0.10184  0.29223  0.08660
 0.47606  0.00000  1.02262 -0.12451  0.10237  0.02574
-0.71043  0.00000  1.21114  0.20929  0.05325 -0.13786
-0.47416  0.00000  0.79963 -0.24412  0.20243  0.18949
 0.53167  0.00000  0.72461  0.17723  0.01170  0.09078
-0.51903  0.00000  1.70015  0.06059 -0.25134 -0.28821
-0.56779  0.00000  1.79649  0.13339  0.29546  0.33071
-0.06463  0.00000  1.56211  0.24708 -0.27680 -0.18070
 0.85522  0.00000  0.80437 -0.11170  0.16990  0.10317
 0.89673  0.00000  1.50215  0.02194 -0.05789  0.00026
-0.74916  0.00000  1.62889  0.26301 -0.09161  0.28576
-0.15653  0.00000  1.17647  0.06740 -0.12790  0.18356
 0.88265  0.00000  0.68598  0.25592  0.05742  0.32434
 0.93386  0.00000  0.88179  0.12682  0.23975  0.06532
 0.46863  0.00000  0.91281  0.21360 -0.07678 -0.12391
-0.04795  0.00000  0.89040  0.28724 -0.13677 -0.31048
 0.64384  0.00000  1.67622 -0.05869 -0.17572  0.34767
-0.54523  0.00000  1.10177 -0.06540  0.25652  0.16700
-0.02931  0.00000  1.06910  0.18265  0.00274 -0.28329
 0.87581  0.00000  1.02669  0.21999 -0.00100  0.22551
-0.84763  0.00000  0.59547 -0.18709 -0.29794  0.33921
 0.86852  0.00000  1.78298 -0.09431 -0.24415 -0.02865
 0.50447  0.00000  0.54548  0.14466  0.12456  0.48312
 0.52013  0.00000  1.01212  0.29715 -0.17736  0.24075
 0.42363  0.00000  0.58159  0.18424 -0.02306 -0.37006
-0.33454  0.00000  1.80631 -0.14189  0.18162 -0.45221
-0.70302  0.00000  0.97311 -0.01134  0.17367  0.06001
-0.36879  0.00000  1.29287  0.18649 -0.14432  0.29500
-0.93666  0.00000  1.04262  0.24273 -0.22169 -0.00014
-0.89241  0.00000  0.61143  0.11467 -0.04859  0.13045
-0.45656  0.00000  1.91723 -0.23102 -0.17115 -0.01303
 0.60199  0.00000  1.68321  0.16245  0.26083  0.36100
-0.95928  0.00000  0.71171  0.02791  0.14449 -0.17520
 0.71798  0.00000  0.98656 -0.26851  0.17776 -0.39315
 0.74149  0.00000  0.94134  0.16580  0.28442 -0.08135
-0.59710  0.00000  1.37015 -0.26283 -0.18616 -0.02308
-0.30042  0.00000  1.13837  0.22287  0.10748  0.35454
-0.66184  0.00000  1.53515  0.23862  0.17465  0.11182
-0.11572  0.00000  1.82641 -0.20984  0.19110 -0.15789
-0.73700  0.00000  0.84013  0.04818 -0.08445  0.07746
 0.21596  0.00000  1.95144  0.23364  0.13160 -0.29139
-0.00305  0.00000  1.87679  0.03717  0.03410  0.45794
-0.13409  0.00000  1.15087 -0.12176  0.16105 -0.33018
-0.68418  0.00000  1.21644 -0.16568 -0.03772 -0.39783
-0.76702  0.00000  0.57014 -0.16996 -0.21395  0.23606
 0.67451  0.00000  1.66676 -0.01388  0.11292  0.47244
 0.45263  0.00000  0.53835  0.28824 -0.16951 -0.44260
 0.54200  0.00000  0.77514 -0.16451  0.02252 -0.24058
 0.12928  0.00000  1.68619 -0.15617 -0.11184  0.14333
 0.25827  0.00000  0.52765 -0.08323  0.13796  0.01586
 0.77143  0.00000  1.33721  0.12554  0.27720 -0.03060
-0.24365  0.00000  1.24281 -0.04499 -0.10432  0.40845
-0.57688  0.00000  1.40971 -0.23816 -0.08292  0.29495
-0.43209  0.00000  0.81106 -0.13549  0.14050  0.49082
-0.10989  0.00000  1.74833  0.21648 -0.29097  0.09929
-0.44448  0.00000  1.59206 -0.04824 -0.26327 -0.05217
 0.30531  0.00000  1.33137 -0.07854  0.21628  0.41978
-0.55233  0.00000  1.81781  0.25053 -0.18476 -0.42747
 0.63916  0.00000  0.82067  0.01247 -0.16691 -0.47325
-0.19670  0.00000  1.85928 -0.27317  0.09190 -0.42270
 0.17662  0.00000  1.82867  0.19655 -0.28131  0.30574
-0.61505  0.00000  1.40068  0.09124 -0.22755  0.05330
 0.01501  0.00000  1.32101  0.05969  0.15480 -0.04459
-0.78631  0.00000  1.62367  0.20598  0.29043 -0.49512
-0.86927  0.00000  1.95914 -0.03392 -0.28680 -0.36504
-0.98278  0.00000  1.27473  0.26810 -0.11095  0.12690
-0.85478  0.00000  1.99429 -0.28471 -0.01116 -0.22482
-0.58782  0.00000  1.72350  0.09866  0.03980  0.32780
-0.53553  0.00000  1.56759  0.06909  0.06005 -0.43144
-0.81734  0.00000  1.88938  0.07696 -0.23137  0.45480
-0.48777  0.00000  0.69883 -0.20396 -0.23539  0.20011
-0.32412  0.00000  0.86155 -0.02725  0.03733 -0.46901
-0.23925  0.00000  1.61133 -0.15011 -0.25612 -0.09024
 0.34891  0.00000  0.84744 -0.21514  0.08768 -0.40933
 0.98261  0.00000  1.57399 -0.05115  0.06830  0.49689
 0.10142  0.00000  1.30247 -0.07654  0.14197  0.25985
-0.09401  0.00000  1.47578 -0.18501 -0.24071 -0.40426
 0.02652  0.00000  0.55360 -0.08790 -0.04377 -0.29698
 0.99725  0.00000  1.04835  0.08944 -0.28225 -0.37671
 0.95282  0.00000  0.72644 -0.12900  0.00811  0.26796
 0.94863  0.00000  0.70569  0.17401  0.02490 -0.14298
 0.27608  0.00000  1.55064 -0.25649 -0.03940  0.31317
 0.78933  0.00000  1.75849 -0.25205  0.22664  0.46683
 0.18657  0.00000  0.93185 -0.21888 -0.06826 -0.16270
 0.28715  0.00000  0.86827  0.22729 -0.03098  0.15045
 0.41470  0.00000  1.22943 -0.19377  0.07604  0.37850
 0.33759  0.00000  1.07508  0.10753  0.15038 -0.32142
-0.92561  0.00000  1.88156  0.01565 -0.26532 -0.24738
-0.18995  0.00000  1.76244  0.17156  0.07829 -0.44894
 0.32815  0.00000  1.38078 -0.10531  0.14804 -0.45978
 0.26487  0.00000  0.65425 -0.04511  0.19512 -0.30552
 0.75959  0.00000  0.67815 -0.00320 -0.16037  0.27742
 0.90687  0.00000  1.11462 -0.02433  0.20885 -0.21530
 0.79302  0.00000  1.64595 -0.03691  0.26282  0.17792
-0.37002  0.00000  0.73916  0.03041 -0.12300 -0.11754
-0.39490  0.00000  1.53250 -0.13329 -0.19734  0.23079
-0.90260  0.00000  1.17258 -0.22873 -0.13944 -0.27342
-0.50228  0.00000  0.75252 -0.09279 -0.24615  0.03270
 0.69288  0.00000  0.92637  0.04486 -0.01541  0.20541
-0.83009  0.00000  1.34609  0.17091 -0.12033  0.38690
-0.46242  0.00000  0.94573 -0.25077  0.09945 -0.18502
 0.82147  0.00000  1.11786 -0.14749  0.03068 -0.19928
-0.77254  0.00000  1.73811  0.14864  0.25019 -0.31992
-0.27362  0.00000  1.31140 -0.15996  0.05460 -0.13300
 0.70784  0.00000  0.75939 -0.17495 -0.11723 -0.04515
 0.15654  0.00000  1.22736  0.04150  0.16282  0.19646
 0.58261  0.00000  1.78012  0.19233 -0.04678 -0.07563
 0.08856  0.00000  1.65730  0.15248  0.21448  0.42504
-0.96004  0.00000  1.99238 -0.26098  0.07025  0.42437
 0.55103  0.00000  1.50590 -0.19961 -0.19987 -0.48637
-0.22051  0.00000  0.51804 -0.01588 -0.29599  0.01082
-0.20018  0.00000  1.90553  0.10431 -0.10162  0.03873
-0.25611  0.00000  1.84585  0.03481 -0.10703  0.47637
-0.82567  0.00000  1.91931  0.00605  0.29874 -0.22757
 0.24988  0.00000  0.83153  0.25944 -0.19322  0.35953
 0.51110  0.00000  1.08954 -0.22405 -0.03345  0.11519
-0.91178  0.00000  1.45850  0.26442  0.11426 -0.25106
 0.80530  0.00000  0.65950  0.13536 -0.13014  0.21741
 0.56258  0.00000  0.68952 -0.18235  0.28629  0.16448
-0.26904  0.00000  0.77851  0.25261 -0.15330  0.44898
-0.88744  0.00000  0.95733  0.13806  0.26887  0.10640
-0.49888  0.00000  0.74454 -0.18996 -0.18183 -0.23790
-0.72409  0.00000  1.77049  0.04519 -0.05540  0.30402
-0.87377  0.00000  0.90954 -0.03039 -0.20149  0.26158
 0.36661  0.00000  1.93284  0.20327 -0.23730 -0.23377
 0.62119  0.00000  1.51791  0.05639 -0.00656 -0.46261
 0.35532  0.00000  1.42055 -0.00014  0.08556  0.19020
 0.19347  0.00000  1.39628  0.28167  0.16724 -0.38147
 0.38235  0.00000  1.03342 -0.14070  0.15605 -0.16991
-0.08953  0.00000  0.64946  0.29359 -0.07291 -0.07276
 0.14903  0.00000  1.09366 -0.10085 -0.00463  0.21417
 0.66747  0.00000  1.60880 -0.17356  0.04625  0.07132
 0.73704  0.00000  1.96722  0.14279  0.26472  0.14614
 0.44793  0.00000  1.13044 -0.10836 -0.20969  0.41450
 0.84735  0.00000  1.70865  0.29646 -0.26824 -0.25725
 0.31755  0.00000  0.63717 -0.08655  0.27038 -0.17170
-0.16531  0.00000  1.42814 -0.10273 -0.20448 -0.06470
 0.68112  0.00000  1.19917  0.13045  0.18753 -0.10765
-0.69537  0.00000  1.38924  0.11060 -0.25838  0.38024
-0.07482  0.00000  1.35535  0.01151  0.24434  0.39396
-0.64253  0.00000  0.50727  0.08664 -0.22475  0.24839
-0.38608  0.00000  1.05901 -0.01920  0.13340 -0.01594
-0.34989  0.00000  1.30386 -0.17922  0.23259 -0.43576
 0.06079  0.00000  0.96244 -0.29715  0.07397  0.48603
-0.63623  0.00000  1.97187 -0.09838 -0.08764  0.39538
 0.22562  0.00000  1.49271 -0.14401  0.11702 -0.41140
