# Robot poses generated using Latin Hypercube Sampling
# Generated: 2026-01-31 12:12:03
# Number of samples: 200
# Random seed: 42
# Scrambled: True
#
# Parameter ranges:
#   x:     [ -1.000,   1.000] meters
#   y:     [  0.000,   0.000] meters
#   z:     [  0.500,   2.000] meters
#   roll:  [ -0.300,   0.300] radians (-17.19°,  17.19°)
#   pitch: [ -0.300,   0.300] radians (-17.19°,  17.19°)
#   yaw:   [ -0.500,   0.500] radians (-28.65°,  28.65°)
#
# Format: x y z roll pitch yaw
#
 0.23226  0.00000  1.59921  0.08142  0.04291 -0.09547
-0.21976  0.00000  1.71679  0.07864  0.22462 -0.15225
-0.62371  0.00000  0.50805  0.12107  0.01853  0.08278
 0.97773  0.00000  1.94334  0.28481  0.12652  0.28184
 0.11242  0.00000  1.58484 -0.29391  0.19232 -0.05889
 0.13805  0.00000  1.80150 -0.00613 -0.13246 -0.14842
-0.52745  0.00000  1.64774  0.11302  0.19989 -0.11235
 0.57811  0.00000  1.24153  0.00457 -0.06968  0.12165
 0.07563  0.00000  0.62875 -0.20610  0.18506 -0.49416
 0.65195  0.00000  1.85459  0.02614 -0.14905 -0.38570
-0.12200  0.00000  1.46744 -0.07136  0.24701  0.22147
 0.61219  0.00000  1.44906 -0.27771 -0.01242  0.40443
 0.59332  0.00000  0.78897 -0.06170  0.25271 -0.21317
 0.43446  0.00000  1.08081  0.15809  0.23091 -0.12718
-0.94215  0.00000  0.56444  0.24344 -0.27370  0.27471
 0.76719  0.00000  1.98280  0.15401 -0.06167 -0.10392
-0.65664  0.00000  0.85695  0.05156 -0.25250 -0.03511
-0.97090  0.00000  0.98958  0.19061  0.22152  0.34249
-0.42152  0.00000  1.26728  0.27166  0.21186  0.37349
-0.31630  0.00000  1.63729  0.11974  0.01765 -0.20481
 0.29091  0.00000  1.48475  0.27820  0.01209  0.02111
-0.41717  0.00000  0.61663 -0.26482 -0.02729  0.04049
-0.28456  0.00000  1.36848  0.23608  0.04926  0.43912
-0.35857  0.00000  0.59931 -0.05616 -0.07930 -0.33814
 0.09416  0.00000  1.47013 -0.27025  0.28075 -0.47521
-0.29494  0.00000  0.53503  0.06557 -0.27031 -0.34294
-0.67171  0.00000  1.73056  0.27426 -0.21704  0.25205
 0.40977  0.00000  1.18281 -0.29545 -0.05335 -0.27541
-0.60487  0.00000  1.44132  0.19819 -0.09772 -0.00737
 0.92733  0.00000  1.25501  0.09444  0.02868  0.36989
 0.04174  0.00000  0.82328 -0.27942 -0.06466 -0.26054
-0.80672  0.00000  1.26289  0.07302 -0.16418 -0.08884
-0.03108  0.00000  1.00313 -0.02169 -0.09311 -0.19277
 0.05629  0.00000  1.54378 -0.22742  0.20605 -0.20976
 0.83709  0.00000  1.69614 -0.21077  0.12019 -0.35582
 0.91955  0.00000  1.86924 -0.19798 -0.23068  0.05626
-0.17891  0.00000  1.92580  0.00144 -0.01895 -0.48386
-0.05662  0.00000  0.58720 -0.24028 -0.14324  0.15869
-0.75937  0.00000  0.90319 -0.15337  0.00351  0.17423
 0.81821  0.00000  1.28300 -0.24862  0.08341 -0.35155
 0.39223  0.00000  1.83521 -0.22050 -0.11443 -0.34507
 0.00770  0.00000  1.35401  0.21097  0.06563  0.31747
 0.96306  0.00000  1.89814 -0.28860 -0.19141  0.04642
-0.14739  0.00000  0.97152 -0.12937  0.10822 -0.06699
 0.03699  0.00000  1.52384 -0.04099  0.09313  0.43357
-0.79925  0.00000  0.88981 -0.11867 -0.15790 -0.36053
 0.16860  0.00000  0.62436 -0.06890 -0.21179 -0.41967
 0.48196  0.00000  0.99899  0.01865 -0.15005  0.44445
 0.49171  0.00000  1.19152  0.23030  0.24141  0.46197
-0.40868  0.00000  1.12548 -0.28624  0.27488 -0.26713
